0 3
42 6
348 4
373 1
401 7
416 7
553 5
584 15
869 5
894 5
927 11
1142 4
1177 4
1252 7
1548 1
1573 6
1589 7
20155 9
20209 2
20257 2
20279 5
20299 2
20334 10
48126 1
48214 11
73223 7
98724 5
125591 11
125631 10
153634 10
153656 1
153718 9
176974 1
177011 7
218798 1
218830 10
232971 1
233013 9
233301 1
233484 4
233502 8
233849 1
256590 4
256612 7
283365 8
283391 4
283406 6
310161 11
310198 5
310214 10
346808 4
346831 7
369684 6
369722 4
387454 9
387497 1
387511 4
412245 4
412272 7
431297 3
469527 9
482289 3
482315 3
482329 5
507658 12
528212 4
528249 7
549706 3
549746 11
575119 9
596936 6
596968 2
626547 7
626583 7
626852 5
651222 10
651262 3
651340 9
651641 1
651667 9
673985 1
699689 8
699714 3
726552 2
726578 11
726604 5
755307 5
755330 4
755360 2
755372 1
755383 1
800760 2
820714 1
820741 2
820755 2
820786 8
820799 3
820811 7
820828 1
820859 1
835025 1
835048 8
835077 3
835121 3
859148 5
859185 2
859210 6
884962 1
885000 1
885018 2
885032 1
923821 2
923841 1
923871 2
923891 1
931650 8
931951 3
931964 8
931976 2
958009 8
958030 3
958100 3
983650 5
983670 2
983678 6
983688 1
983717 1
1009715 2
1009736 1
1009775 2
1009797 1
1028721 2
1028862 1
1028885 4
1028943 6
1028978 3
1052993 6
1053016 2
1053052 7
1053256 12
1053272 6
1077533 7
1077556 7
1077578 4
1077630 1
1077654 9
1102235 1
1102561 9
1125255 1
1125277 9
1160903 1
1160928 9
1192298 8
1192322 5
1192336 1
1192343 8
1220499 1
1220532 7
1220847 5
1220874 3
1220909 2
1221217 7
1221242 7
1221261 5
1221301 1
1221331 10
1244455 5
1244480 7
1272512 2
1272536 3
1295508 5
1295533 2
1295766 4
1295825 2
1295864 10
1295915 3
1325696 4
1326009 3
1639014 4
1639033 2
1639239 5
1639250 3
1639257 4
1639274 13
1639485 1
1639495 4
1639503 3
1639513 4
1639839 2
1639865 10
1639880 3
1639893 3
1639934 4
1639947 2
1639959 5
1639970 4
1639990 5
1640155 3
1640165 4
1640184 5
1640192 12
1640422 3
1640446 4
1640473 5
1640495 1
1640516 16
1640551 1
1640570 14
1640911 1
1640935 4
1640951 8
1640964 7
1640991 3
1641004 5
1641016 5
1641060 1
1641349 13
1641360 1
1641368 4
1641375 10
1641381 5
1641395 1
1641414 3
1641660 3
1641670 4
1641678 2
1641684 3
1641697 5
1641911 3
1641921 4
1641929 5
1641935 1
1670702 8
1670731 8
1690047 5
1690073 2
1690089 2
1690142 3
1690152 5
1690511 2
1710054 2
1710085 4
1710135 2
1710157 9
1710193 3
1738328 4
1738359 3
1738383 4
1738425 1
1738471 6
1738765 1
1762659 4
1762684 1
1762713 5
1762732 5
1782249 1
1782283 9
1782354 2
1805070 4
1805081 2
1805087 2
1805092 5
1805104 1
1805109 3
1829677 5
1829691 1
1829698 12
1848525 10
1848567 2
1848721 5
1905744 5
1905778 2
1906069 6
1906093 4
1906122 3
1915927 9
1915951 10
1941035 1
1941059 14
1969107 1
1969142 18
1969228 1
1969297 4
1969343 6
1987009 3
1987042 6
1987226 3
1987276 5
1987311 5
1987367 1
2021537 17
2021592 5
2021732 1
2021799 4
2021867 5
2031990 5
2032094 3
2055950 4
2055984 6
2056291 1
2056326 9
2056656 3
2056681 3
2082369 4
2082408 1
2101917 2
2101952 24
2102236 5
2125819 5
2125855 3
2126238 2
2146448 5
2146481 3
2170342 8
2170658 1
2170698 12
2170772 13
2195448 6
2195480 2
2195500 6
2195759 13
2221742 5
2221770 2
2222015 5
2222042 5
2244967 9
2245007 3
2245029 4
2245332 3
2245357 4
2245371 1
2265070 3
2265276 4
2265304 1
2305679 12
2305721 6
2305964 2
2334752 10
2335047 9
2335090 15
2335123 3
2335428 5
2335455 5
2335492 1
2335525 17
2365666 1
2365700 14
2387199 7
2387233 5
2411084 3
2411097 4
2411109 6
2411118 1
2411373 1
2429876 1
2457012 2
2457047 11
2481826 4
2481860 5
2482145 2
2482169 8
2494680 1
2525845 16
2525866 3
2549680 4
2549715 2
2549999 10
2550024 3
2550053 14
2568651 8
2568685 3
2569008 5
2569036 4
2585151 27
2585200 8
2609569 4
2609597 6
2609617 5
2633773 10
2633800 3
2661288 5
2661315 6
2661354 1
2661375 12
2679564 15
2679596 2
2679618 1
2679636 4
2679677 6
2703570 2
2703588 4
2703600 6
2703878 1
2703902 1
2703933 2
2725800 1
2725838 8
2725854 11
2725877 1
2725924 8
2750393 1
2750415 7
2750431 7
2750458 5
2750471 11
2774249 9
2794624 5
2794654 11
2794692 1
2794728 9
2815746 5
2815773 10
2815809 2
2815839 10
2816261 3
2816288 4
2843986 3
2863949 4
2863974 2
2864230 5
2864257 4
2864294 7
2885504 4
2911381 7
2953775 6
2953797 2
2953825 3
2973237 5
2973262 2
2997695 4
3018840 2
3018895 2
3054022 3
3054038 2
3054050 1
3054055 3
3054144 2
3054159 1
3083457 1
3083470 2
3083476 4
3112065 9
3135899 8
3147156 7
3147190 8
3147204 7
3169045 12
3169054 4
3183044 7
3183066 7
3206866 4
3206876 8
3233626 6
3233644 3
3233662 3
3233918 4
3254649 2
3274575 7
3274611 8
3300449 9
3300468 6
3324535 12
3324598 1
3324981 9
3324997 6
3370887 11
3371014 4
3371244 9
3392260 9
3392331 2
3415361 2
3415385 2
3415441 3
3438925 2
3438943 3
3439039 3
3439126 2
3439200 7
3439251 2
3459998 1
3460058 2
3460089 7
3460163 2
3460396 3
3484823 4
3484848 2
3484909 3
3506198 3
3506219 2
3506285 3
3527784 4
3527824 2
3527893 3
3527924 3
3528064 2
3528095 4
3553543 2
3553591 3
3553894 3
3553938 2
3553989 8
3554275 2
3589501 2
3589566 1
3589823 3
3589869 3
3605203 8
3605233 3
3605458 5
3605472 5
3630576 5
3630622 2
3630807 6
3666370 3
3666382 5
3673130 4
3693901 5
3724985 7
3745967 1
3770147 4
3770348 5
3803927 15
3803972 4
3804045 9
3838867 8
3869561 6
3869572 8
3879113 7
3910974 5
3910984 10
3954594 3
3954607 9
3955341 4
3955351 4
3986483 9
3986495 1
3986759 8
3986770 9
4006353 3
4006363 4
4006370 3
4006383 4
4013823 1
4013833 9
4037831 1
4037841 9
4037878 1
4037887 8
4037912 4
4074428 2
4074438 2
4074444 5
4074451 1
4074456 3
4074460 5
4091934 1
4091951 12
4091957 10
4091962 3
4115413 6
4115424 5
4143222 3
4143233 4
4169872 7
4169889 5
4170119 3
4170129 9
4170141 1
4209985 14
4209996 1
4210005 21
4210011 1
4210016 3
4220324 9
4220333 9
4220340 6
4220345 9
4220350 4
4220361 9
4245573 3
4275352 4
4299127 20
4299227 5
4299302 3
4299348 6
4326709 1
4326719 3
4326733 3
4359417 4
4359427 2
4359441 2
4389877 3
4389888 8
4389895 2
4389900 3
4407098 6
4407110 5
4407117 19
4407130 8
4435730 1
4435744 12
4435750 13
4435764 2
4478531 4
4478748 1
4478775 9
4478812 1
4478990 4
4479000 1
4483119 2
4483150 5
4483206 13
4483268 2
4511432 6
4511515 1
4511565 4
4511630 2
4511686 2
4555102 11
4555149 9
4555410 3
4555437 4
4561836 5
4561861 1
4561894 16
4562164 5
4562468 3
4863327 9
4863382 1
4863418 21
4863588 7
4863662 5
4893046 1
4893069 7
4913864 11
4913891 8
4913906 5
4913918 5
4943919 4
4943944 4
4943960 1
4944000 9
4944012 1
4944023 9
4971214 4
4971243 2
4971282 3
4971302 2
4971651 10
4971681 2
5002393 12
5002659 6
5002688 2
5002934 4
5029374 5
5029423 10
5058725 5
5058741 3
5058761 9
5058969 1
5058995 14
5086282 3
5086335 2
5086678 12
5086709 12
5095389 3
5095436 8
5112402 4
5136380 9
5136427 3
5162483 4
5162508 20
5162536 4
5186391 6
5212730 5
5212872 8
5235752 3
5235851 5
5262018 6
5262473 1
5262535 14
5262668 1
5283034 21
5283141 1
5283581 4
5283610 7
5307010 3
5307029 9
5307250 3
5307279 5
5338984 5
5339166 4
5339286 5
5339597 1
5339649 17
5356096 1
5356194 14
5356595 4
5356641 2
5389271 5
5389400 2
5389693 10
5389778 1
5389825 11
5402937 6
5431370 8
5431426 5
5457568 15
5458140 4
5475280 4
5475327 2
5505132 3
5505162 10
5526953 6
5527002 1
5527442 12
5527491 15
5547221 4
5547269 5
5573314 4
5573391 1
5573603 7
5597266 8
5597319 8
5597340 5
5597630 5
5617017 1
5617068 3
5617477 9
5617507 1
5617771 4
5617818 2
5644497 12
5644527 3
5664227 6
5664257 5
5664298 3
5664512 4
5664668 5
5664812 1
5690582 3
5690744 3
5690910 4
5691279 2
5691324 3
5691361 4
5713503 5
5713533 3
5713917 6
5713948 4
5713988 15
5745523 5
5745571 2
5745591 4
5745861 9
5757550 3
5785520 6
5785552 5
5785595 1
5785864 3
5785912 5
5786209 1
5803433 12
5803484 6
5803519 3
5803565 4
5803971 2
5828954 3
5829326 4
5829375 5
5829397 9
5850303 3
5850334 9
5850376 4
5873384 15
5873481 5
5873712 2
5873885 4
5873980 3
5893263 5
5893664 9
5893693 3
5932489 3
5932521 3
5932831 4
5932882 1
5933188 3
5933239 4
5945589 1
5945639 12
5946029 6
5946058 4
5946115 7
5969873 3
5969921 9
5970124 3
5986849 4
5986877 5
5986917 3
6009536 2
6009748 1
6009993 1
6010040 1
6028462 5
6028492 4
6028532 15
6028935 5
6028966 2
6057658 6
6057711 9
6057749 3
6058153 4
6082017 3
6082408 4
6082439 1
6082461 3
6082730 9
6097660 4
6097708 2
6098077 12
6098375 1
6098404 4
6126535 5
6126564 6
6147202 3
6147232 4
6170096 5
6170220 5
6170475 5
6170537 3
6170748 5
6170763 1
6200462 11
6214028 5
6214190 1
6251444 16
6251472 3
6262791 5
6262993 2
6263459 3
6263486 5
6263525 5
6295137 1
6295166 3
6295577 6
6295624 1
6307914 12
6308045 16
6308533 2
6308579 5
6336144 2
6336199 4
6336467 14
6336589 8
6358596 3
6358641 4
6359016 5
6359043 1
6359099 18
6380093 8
6380140 6
6380467 20
6380495 2
6405148 8
6405532 5
6405562 9
6405600 3
6423448 8
6423500 3
6423521 4
6423552 1
6423850 6
6424371 1
6445860 4
6445927 1
6446253 3
6446304 5
6446337 1
6477785 12
6478115 6
6478340 3
6478385 4
6478741 2
6478768 3
6489100 3
6489148 5
6489554 2
6489907 3
6489933 8
6489970 3
6520519 4
6520781 5
6520845 1
6521155 18
6550348 2
6550394 7
6550702 5
6561506 5
6561556 5
6561875 3
6561925 5
6561959 1
6562284 9
6590463 3
6590492 8
6605736 5
6605766 11
6632305 2
6632333 3
6655113 3
6655162 7
6687426 8
6687694 4
6687740 10
6687772 3
6697710 5
6697952 3
6697982 5
6722565 10
6746735 11
6767620 2
6767649 2
6767689 2
6767998 2
6768045 1
6792357 14
6792368 1
6792601 18
6792612 1
6792619 4
6813085 6
6813379 3
6813430 7
6813451 4
6813771 1
6837161 17
6837226 1
6837439 15
6862704 4
6862751 2
6863132 3
6863161 4
6883115 5
6905614 6
6905920 3
6929531 6
6929543 6
6953940 1
6953983 5
6978763 3
6978875 5
6979176 2
6979386 1
6979492 12
6997292 15
7021109 5
7021433 6
7040123 3
7068776 6
7069087 1
7069570 3
7069593 4
7069609 5
7092729 7
7116654 4
7116699 4
7116923 8
7117194 3
7139346 7
7139572 3
7139839 4
7139861 1
7140221 6
7140252 1
7163736 4
7163801 1
7163901 3
7164324 4
7184227 1
7184249 4
7184538 6
7202592 4
7202619 4
7202872 8
7202891 3
7239291 7
7239316 3
7239555 4
7239758 1
7239785 6
7240090 1
7252104 6
7252496 1
7252524 3
7252744 2
7274932 10
7275204 2
7275504 4
7275532 8
7275571 3
7303262 7
7303588 3
7303622 4
7303828 1
7303877 6
7303897 2
7325072 12
7325097 6
7325185 4
7325507 6
7325726 3
7349684 3
7372824 5
7372875 2
7373190 3
7373213 2
7399778 6
7412456 3
7444616 2
7444664 4
7444986 5
7444997 1
7445006 18
7467765 8
7467810 4
7468106 10
7468127 4
7468155 5
7498627 5
7498923 4
7498950 4
7499263 3
7499306 4
7499328 5
7523120 1
7523377 10
7528558 6
7552029 8
7552144 7
7577944 10
7578095 1
7578231 3
7603081 5
7603109 2
7603149 3
7603480 10
7642290 1
7642312 3
7642318 4
7642599 2
7657024 11
7657036 10
7657421 1
7657431 4
7657672 3
7677213 4
7677238 2
7677544 5
7701547 3
7701595 3
7722519 1
7722541 2
7722569 3
7755278 3
7755304 4
7755510 2
7755536 1
7776543 14
7776593 1
7776924 18
7776946 1
7791862 3
7791872 8
7791960 9
7818853 3
7818871 2
7819227 6
7819276 1
7835793 17
7835843 1
7836257 16
7836287 7
7860518 6
7860547 4
7884095 3
7884428 8
7884458 6
7884730 1
7884748 3
7884770 2
7904140 4
7926961 14
7927022 5
7927314 2
7927590 10
7927612 1
7952053 4
7952078 2
7952422 6
7952451 1
7978930 16
7978970 1
7979278 23
7979303 1
8001608 3
8001628 3
8001913 5
8001931 2
8002212 3
8002244 4
8038229 3
8038419 6
8038468 1
8038712 23
8065900 1
8065919 3
8065943 2
8088876 6
8088923 5
8111575 3
8142497 4
8142519 2
8161149 6
8161177 5
8161486 3
8161506 1
8161527 2
8161766 3
8182412 6
8182450 1
8182701 12
8182729 11
8207051 11
8207079 6
8207355 1
8207373 6
8207795 2
8226263 15
8226647 6
8226675 5
8226711 3
8254185 4
8254205 5
8254684 4
8254728 6
8254761 5
8254984 3
8273722 2
8273768 1
8274024 22
8274062 11
8293586 2
8293606 1
8323925 6
8323952 5
8324259 5
8362682 3
8362710 4
8362731 10
8362769 2
8362799 18
8365000 1
8365280 5
8365309 1
8393863 2
8393911 2
8393931 6
8417499 8
8417549 5
8434970 2
8435002 6
8435265 1
8435317 19
8460758 2
8460997 11
8461047 2
8461250 14
8484845 2
8484889 6
8503497 18
8503779 2
8503807 7
8531130 1
8531242 23
8557760 7
8558034 5
8558272 2
8558345 4
8573242 3
8573269 2
8573531 2
8599541 5
8599569 1
8599609 18
8599639 3
8616790 2
8616838 19
8617266 7
8644214 15
8665565 5
8665916 2
8665944 4
8665964 3
8666339 6
8701535 2
8701868 5
8701916 9
8702147 3
8720227 3
8720473 4
8720671 3
8720699 4
8720927 1
8720972 6
8736614 1
8736642 4
8736854 1
8736899 6
8737241 1
8737284 4
8774203 1
8774248 3
8774601 5
8774645 1
8774964 12
8780634 7
8780867 4
8780905 6
8781127 7
8813893 3
8813921 3
8814217 5
8814263 2
8814598 1
8831204 14
8831336 1
8831655 18
8831683 1
8831859 4
8858298 9
8858344 3
8873864 7
8873916 1
8874170 9
8874211 8
8874554 5
8901759 5
8901810 4
8901872 4
8917078 1
8917130 18
8917601 1
8917867 4
8917897 4
8942099 6
8942171 3
8942605 6
8942656 1
8942944 16
8967534 1
8967568 23
8967612 1
8968121 3
8968172 3
8991831 5
8991863 2
8992196 3
8992238 4
8992532 3
8992775 6
9011762 1
9011778 12
9011796 13
9039993 2
9040148 4
9040401 3
9040592 6
9040705 2
9040899 5
9068691 2
9068882 6
9069140 9
9069288 3
9099666 3
9100009 4
9100055 3
9100300 4
9100464 1
9100678 6
9100831 1
9100982 4
9101138 1
9101298 3
9101538 5
9123781 1
9123858 12
9124243 6
9124455 4
9124596 8
9124810 3
9154149 3
9154428 5
9154536 3
9173106 9
9173152 6
9199230 9
9199542 5
9224526 1
9224759 14
9224808 1
9225066 18
9241311 1
9241360 4
9241768 9
9242112 3
9242141 7
9264939 1
9265264 9
9265311 8
9265734 5
9265783 5
9266136 4
9287883 4
9287900 1
9288149 16
9288160 1
9314700 23
9314711 1
9314718 3
9314731 3
9337756 5
9337797 2
9338085 3
9338125 4
9338478 3
9338536 6
9358392 1
9358691 12
9358722 13
9386313 7
9386645 3
9412508 6
9412864 1
9412897 9
9413195 2
9413226 4
9429080 3
9429098 5
9429243 1
9429260 6
9429432 1
9429442 4
9448093 1
9448111 3
9448134 5
9448196 1
9448459 12
9474827 6
9475072 4
9475149 5
9475497 3
9475737 3
9475789 5
9497657 2
9497705 6
9736803 7
9737104 5
9737154 9
9764476 8
9764714 1
9764939 14
9765279 1
9805828 18
9806145 1
9806213 4
9806512 9
9814749 3
9814759 5
9843281 3
9843529 1
9843605 17
9843935 1
9866360 16
9866539 2
9866945 5
9867016 2
9867361 4
9867411 1
9895110 3
9895160 5
9923298 9
9923692 1
9923726 16
9923964 1
9949553 23
9949959 1
9950011 3
9950296 4
9950345 11
10444867 6
10444906 3
10445218 4
10445255 3
10445472 6
10445725 3
10445912 4
10446085 5
10446398 19
10446497 6
10446851 1
10446885 12
10447144 11
10447479 5
10447502 2
10447829 6
10447874 3
10447940 2
10448066 1
10448202 18
10448447 11
10448693 2
10448730 4
10448942 3
10448978 6
10449161 2
10449357 11
10449422 6
10449548 1
10449670 3
10449893 1
10450015 18
10450155 3
10450310 5
10450557 2
10450653 6
10450770 11
10450922 6
10451044 1
10451153 3
10451252 3
10451315 6
10451362 3
10451418 5
10451508 2
10451574 6
10451638 1
10451704 18
10451761 11
10451864 2
10451934 5
10452052 4
10452075 3
10452147 6
10452253 2
10452323 16
10452390 2
10452461 5
10452570 2
10452688 4
10452858 12
10452878 2
10452891 3
10453088 6
10453183 6
10453204 2
10453220 20
10453272 2
10453343 8
10453464 5
10453517 15
10453605 8
10453674 9
10453874 7
10454003 5
10454115 1
10454259 6
10454545 1
10454557 4
10454565 1
10454581 3
10454589 2
10650068 10
10650419 2
10650474 12
10650790 3
10650845 3
10651024 5
10651176 2
10651635 3
10651689 4
10652020 4
10652105 3
10652422 4
10652725 5
10653073 3
10653104 2
10653144 2
10653377 1
10653595 5
10653632 1
10653888 14
10653926 1
10654011 18
10654221 1
10654368 4
10654478 6
10654595 3
10654736 7
10654971 1
10655085 17
10655261 1
10655381 15
10655529 4
10655725 3
10655893 3
10656052 6
10656251 9
10656394 5
10656602 3
10656744 2
10656873 7
10656990 1
10657120 1
10657387 2
10657511 6
10657638 1
10657759 1
10657877 1
10658146 2
10658278 1
10664901 12
10664952 13
10688804 2
10689101 5
10710504 6
10710877 1
10710963 11
10711187 5
10733273 2
10733622 4
10733775 3
10733822 5
10734038 1
10757950 17
10758228 2
10758278 4
10758723 2
10758754 5
10780294 13
10780347 1
10780622 17
10803231 2
10803568 5
10803651 2
10803960 4
10830841 18
10830896 5
10831094 5
10831500 3
10831548 4
10831853 5
10851723 1
10851973 21
10852257 2
10852288 5
10852629 5
10876040 17
10876113 5
10876640 2
10876689 5
10904333 13
10904650 2
10905100 6
10905131 3
10922113 2
10922199 15
10922446 5
10941934 9
10941956 8
10941984 5
10942072 1
10966449 6
10966536 1
10966893 4
10967210 1
10967303 3
10967537 2
11098668 10
11099019 2
11099116 12
11099331 6
11099480 3
11099655 5
11099978 2
11100167 3
11100347 4
11100659 6
11100709 3
11101052 4
11101207 5
11101347 3
11101558 2
11101732 1
11102020 1
11102217 1
11102425 5
11102590 1
11102791 14
11103070 1
11105644 18
11105835 1
11105863 4
11105952 6
11106046 3
11126841 8
11469345 1
11469480 17
11469850 1
11470014 15
11470168 4
11470358 3
11470613 3
11470800 6
11471260 9
11471499 1
11471652 12
11471835 13
11472064 2
11472431 4
11472634 2
11472797 5
11472975 6
11473148 1
11485084 5
11485251 2
11485497 4
11485601 1
11485749 13
11510729 2
11510922 6
11511095 3
11511264 2
11535699 15
11536118 5
11536167 9
11559824 7
11559886 3
11560124 5
11560505 1
11560564 6
11560791 1
11597589 4
11597655 1
11598106 6
11598157 1
11598536 4
11598583 1
11613326 3
11613707 2
11642775 10
11642831 2
11643238 12
11643287 6
11643628 3
11657542 5
11657589 2
11657858 3
11686799 5
11686846 3
11715570 9
11751939 9
11767575 3
11767622 5
11768089 2
11768159 1
11768466 18
11782446 3
11805810 3
11834451 6
11834481 3
11834785 5
11834831 2
11835076 6
11866813 6
11866863 3
11881722 4
11881780 1
11882042 3
11882359 5
11882407 2
11882746 6
11914927 3
11914942 12
11915059 8
11952253 7
11952739 4
11952770 4
11953010 3
11953355 4
11953400 4
11953581 1
11980048 14
11980247 1
11980584 18
11980761 1
12003987 4
12004158 8
12037003 9
12037346 4
12037643 4
12037780 4
12038053 6
12038100 1
12059158 9
12059293 8
12059723 21
12059769 5
12077630 4
12077883 4
12078031 1
12078248 18
12078584 1
12106412 4
12106885 6
12106987 3
12107378 7
12107452 1
12185838 17
12186248 1
12186295 15
12186443 4
12186646 3
12186813 3
12187086 6
12187438 9
12187510 1
12187768 16
12187809 1
12188223 23
12188265 1
12188495 3
12188535 3
12212515 5
12212746 2
12212969 3
12213037 4
12213275 3
12213715 6
12246051 1
12246087 12
12246129 11
12246167 6
12246480 3
12529469 2
12529703 1
12530089 19
12530144 5
12530656 8
12530708 6
12531031 1
12531542 11
12531700 6
12531980 3
12532220 5
12532644 2
12532974 6
12533205 1
12533550 19
12533663 5
12533817 7
12534015 6
12534040 1
12534246 20
12534424 2
12534446 5
12534618 2
12534848 4
12534882 3
12534902 6
12534987 2
12535265 2
12535394 1
12535554 20
12535619 5
12535830 2
12536004 5
12536036 6
12536095 1
12536276 12
12536371 5
12536427 1
12536538 13
12536617 2
12536708 6
12536753 3
12536835 2
12536966 15
12537024 5
12537102 9
12537160 7
12537303 3
12565038 5
12565328 1
12565551 6
12565615 1
12565789 4
12565921 1
12624530 3
12629653 4
12629989 1
12630466 12
12630517 6
12630789 4
12630834 7
12631198 4
12631569 8
12631615 3
12631881 3
12632097 5
12632237 2
12632377 1
12652919 14
12653367 1
12653662 18
12653960 1
12653990 4
12681995 9
12682291 3
12682543 7
12682619 1
12683089 9
12683254 8
12700137 5
12700580 5
12700627 4
12701013 4
12701248 1
12726445 17
12726475 1
12726927 16
12726975 6
12742836 5
12743034 4
12743381 7
12767831 3
12768076 3
12795872 5
12796033 2
12796263 1
12796625 16
12796947 1
12824856 23
12825094 1
12825105 3
12825288 3
12825298 5
12838426 2
12838596 3
12838944 4
12839463 3
12839708 6
12839738 1
12861473 12
12861493 11
12895110 5
12910864 2
12910909 6
12911289 3
12911486 2
12911579 1
12928596 18
12929127 11
12929222 2
12929364 4
12929514 3
12948069 6
12948369 2
12948637 11
12948698 6
12976077 1
12976336 3
12976546 1
12976613 18
12976919 3
13002025 5
13002389 2
13002419 6
13002738 11
13026546 6
13026592 1
13026914 3
13027241 3
13027286 6
13052476 3
13052504 5
13052933 2
13052977 6
13053220 1
13091209 18
13091708 11
13091737 2
13091773 5
13092060 4
13092483 3
13092542 6
13092844 2
13092890 11
13093124 6
13093410 3
13120072 2
13120443 1
13120473 20
13141331 2
13141376 5
13141654 2
13142009 4
13142052 6
13170061 17
13170290 2
13170606 4
13170871 2
13190133 5
13190167 2
13190656 4
13190708 5
13214092 13
13214107 1
13214129 24
13246691 2
13246755 5
13247036 2
13247253 4
13264528 16
13311720 2
13311771 3
13312145 6
13312592 6
13312654 2
13313011 2
13313569 2
13313633 28
13313662 2
13337780 12
13337996 5
13338175 20
13363316 2
13363398 12
13387496 5
13387563 6
13387985 24
13424854 5
13425111 2
13425354 12
13435911 5
13436069 5
13436408 13
13436585 2
13459844 6
13460049 3
13460417 2
13482549 15
13482844 8
13482899 9
13483288 7
13525956 5
13526329 1
13526387 6
13526846 1
13526984 4
13527145 1
13535045 3
13535059 5
13535079 1
13535314 12
13535326 6
13571325 4
13571419 6
13571826 11
13571887 3
13572376 3
13572632 5
13580327 2
13580599 1
13580933 14
13611393 1
13611448 18
13611558 1
13612216 4
13612251 6
13632869 3
13633218 7
13633273 1
13633551 17
13633608 1
13674597 15
13674664 4
13675093 2
13675151 3
13675472 2
13683143 9
13709297 8
13709588 4
13709860 6
13732825 4
13733054 8
13733268 1
13733530 3
13761420 5
13761451 2
13761497 15
13761865 4
13762120 6
13783909 4
13783978 4
13784053 8
13784653 1
13784811 12
13819001 17
13836725 2
13855409 5
13855557 16
13855909 2
13856105 5
13877475 2
13877580 4
13877887 14
13878126 8
13922197 3
13922344 4
13922554 5
13922798 1
13923146 15
13923347 8
13923503 6
13923675 3
13924021 6
13929971 1
13951436 19
13951875 9
13952126 3
13952172 5
13952485 1
13987109 25
13987500 2
13987582 4
13987902 2
13987999 8
14000197 5
14000481 21
14000538 1
14025613 29
14025997 5
14026059 2
14026503 8
14026549 5
14054003 21
14054278 2
14054332 6
14054795 3
14073539 2
14073594 23
14073894 5
14097486 21
14097549 2
14097872 8
14125259 20
14125314 2
14125744 8
14125903 5
14144311 15
14144337 6
14144546 9
14144559 6
14171448 3
14171465 5
14171695 1
14171711 6
14171730 1
14171940 4
14215635 1
14215684 3
14225805 9
14226002 4
14226460 2
14226748 12
14226836 6
14227034 4
14253813 6
14253865 3
14254151 4
14254313 6
14254760 11
14254809 3
14271704 3
14271875 5
14272248 2
14272351 1
14272554 14
14308841 1
14315568 18
14315899 1
14315970 4
14316353 6
14338020 3
14338096 7
14338237 1
14338318 17
14338547 1
14338609 16
14369990 5
14370173 6
14370572 6
14370756 3
14391981 4
14392415 6
14392697 9
14392839 8
14421449 1
14421628 3
14421653 3
14421802 4
14421891 2
14458703 15
14458760 4
14459135 6
14459542 3
14459577 4
14459880 6
14488125 1
14488166 12
14488227 16
14514898 2
14515285 5
14515605 2
14515640 4
14551007 17
14551280 2
14551309 2
14566735 14
14567060 8
14567359 3
14567389 4
14567619 5
14568084 1
14585336 15
14585384 8
14585834 6
14586123 3
14586264 6
14607780 1
14608056 23
14608346 9
14636682 20
14636766 2
14637102 8
14637310 5
14654625 21
14654636 3
14654651 2
14687058 15
14706263 5
14706451 9
14706640 8
14740378 5
14740418 1
14740467 3
14740873 2
14762404 10
14762429 2
14762667 12
14762677 7
14782766 4
14782779 5
14782788 3
14782796 6
14782803 3
14805593 2
14814286 2
14814575 1
14814926 5
14814967 1
14832983 17
14833013 1
14833476 15
14833739 4
14833786 2
14860902 6
14861068 4
14861455 9
14861505 4
14879876 5
14880127 10
15155972 1
15156090 12
15156480 17
15156702 2
15156894 5
15157199 16
15157404 2
15157759 5
15157963 2
15158188 4
15158449 14
15158792 8
15158982 3
15159160 4
15159395 5
15159766 1
15159986 22
15160144 2
15160269 8
15160532 5
15160603 20
15160700 5
15160793 2
15160959 9
15161070 21
15161180 2
15161289 8
15161462 20
15161552 2
15161639 10
15161833 13
15161927 2
15162015 4
15162102 2
15162201 9
15162364 15
15162461 5
15172160 9
15172249 3
15172405 5
15172440 5
15182806 1
15182876 3
15183021 5
15183114 1
15183192 12
15208297 6
15208600 2
15222347 4
15232693 6
15232916 3
15233035 3
15257173 4
15257240 2
15257629 11
15258033 6
15274508 6
15302468 3
15302780 6
15303089 4
15323919 15
15323995 2
15364494 5
15364573 4
15365000 6
15365056 3
15365410 5
15365734 1
15366073 9
15366121 6
15398738 5
15399056 1
15399194 3
15399652 5
15399701 1
15424103 12
15424216 6
15437531 4
15437707 9
15438057 1
15471366 8
15471576 3
15482977 6
15483577 5
15483647 4
15483724 13
15484205 2
15506692 4
15506903 2
15507202 5
15507293 13
15532711 2
15532924 6
15533287 2
15533368 2
15558816 9
15558941 3
15559207 4
15559417 3
15559755 4
15580771 1
15580827 3
15581104 4
15581454 1
15581646 12
15597906 6
15598163 2
15598556 15
15617467 9
15644036 15
15644122 3
15644774 4
15644824 5
15645073 1
15672524 17
15672579 1
15672931 14
15688013 7
15688493 5
15688543 3
15688877 10
15689266 2
15724214 1
15724860 1
15724896 2
15725063 1
15739763 2
15739779 2
15739954 2
15739992 5
15768429 1
15791332 5
15791574 7
15791766 3
15791969 14
15824254 4
15824339 2
15824756 4
15825195 2
15825254 6
15825647 6
15854795 3
15855189 6
15855475 5
15871325 1
15871738 12
15871786 15
15872156 2
15917550 1
15917819 10
15917892 2
15918514 4
15918865 3
15918927 5
15919589 2
15919642 1
15946845 1
15947152 2
15947452 1
15947472 9
15947790 3
15969908 2
15969960 3
15970712 4
15970953 1
15970999 6
15971538 1
15989835 7
15990020 1
15990543 3
15990872 5
15990919 1
16024326 12
16024405 7
16024677 8
16044252 5
16044306 9
16066216 5
16066288 8
16066449 5
16066788 5
16081620 7
16081911 1
16081996 14
16122055 1
16122117 18
16122535 1
16122921 4
16128136 9
16151248 3
16169563 8
16169602 8
16175803 1
16175926 4
16176000 11
16176117 3
16176287 6
16215743 26
16215790 4
16215945 7
16245243 10
16266029 1
16266138 17
16266219 1
16266310 15
16295642 4
16295707 2
16295871 3
16295960 3
16317673 5
16317752 2
16317935 7
16340027 4
16340277 5
16340293 7
16362042 3
16362073 4
16389960 5
16389995 6
16421174 16
16426737 4
16449888 4
16450176 5
16450443 7
16450541 1
16450706 5
16478849 3
16478968 5
16479175 2
16479337 1
16479497 12
16495525 11
16495576 4
16495689 11
16495869 6
16495997 1
16524446 9
16552485 2
16552511 19
16552581 15
16571106 15
16571255 5
16571652 3
16596766 5
16597018 2
16597058 3
16597387 5
16610506 6
16610671 1
16642382 4
